.Random.seed <-
c(403L, 10L, -1377610162L, -2072233304L, -1885120341L, -932978231L, 
-1636815400L, -1188397946L, 868163937L, -1860623117L, 1157081954L, 
-2120047148L, -1686392617L, 1828070093L, -1329921436L, 1329305674L, 
-1102411L, 270856463L, -505000426L, -728250176L, 559660675L, 
-503809375L, -845845360L, 1154459502L, 498835737L, 719397291L, 
1286102938L, -455397540L, 1189518943L, 354930229L, -2131841588L, 
-323687134L, -1903323267L, 1702079607L, -701992546L, 1052477528L, 
1792619963L, 1932770137L, 2129029352L, -1800525546L, 554744465L, 
-1616332989L, -2060189102L, -1766013724L, 1145515815L, 1614842749L, 
-231690636L, 184610906L, 1183770789L, 955710143L, 1323516230L, 
304936912L, -2141773325L, 1707314449L, -408262336L, -458295010L, 
-1826292247L, 1179250459L, -2104461014L, -2026892724L, 302968335L, 
-1789099707L, -354587908L, 1018085714L, 1491101389L, -1448993145L, 
1760274798L, -896195768L, -941926581L, -1422827863L, -477510664L, 
1698863910L, -1531802559L, -377586221L, -661557374L, -592862284L, 
1947081527L, -609879507L, -1167475900L, 1264586858L, 1326967509L, 
-268684177L, 142749046L, -1052248416L, -1959169181L, 915560449L, 
-1437621392L, 1883982606L, -553982599L, 2083832075L, 1049985594L, 
-27600580L, 1967814271L, 597941717L, -246688788L, -277494462L, 
1418140317L, 2061776663L, -540830082L, 1507907128L, -96718565L, 
-2143267207L, -981495096L, -1455316234L, 830729009L, 39820131L, 
175747378L, -1661971836L, -1530118457L, 1584809373L, 1230737684L, 
-1559019590L, -1242088955L, -400340001L, -1294146970L, -961618448L, 
-1299125485L, -1563298639L, -1903605920L, -2127723266L, -690256759L, 
1445798843L, -1884303990L, -47149972L, 1739662831L, 1288289829L, 
-1062446372L, -1006251854L, 1568924589L, 366155623L, 596599950L, 
1614733672L, 151937387L, 1385255689L, 1570571672L, -527239994L, 
86396449L, 606858931L, 1095242786L, 996331028L, -465321321L, 
-825385843L, 342725028L, -1959707766L, 1590122485L, 535123535L, 
-1681100458L, -821765120L, -703998653L, 778639585L, -815549872L, 
273206958L, 1350376025L, 1846714987L, 399230938L, 691398812L, 
-1155716449L, -552892171L, 1317835148L, -1323131806L, -1066472387L, 
-436887881L, 2103819614L, 1163764888L, -1500966917L, -1105521255L, 
-1500223960L, -1909891370L, 1295399761L, 652713475L, -581221998L, 
-471261404L, -1316662809L, -858456515L, -334878540L, 1482047258L, 
-1716013979L, -1571439361L, 1462939014L, -750968048L, 528283571L, 
-1152918447L, 1424719872L, -541249314L, 2029325097L, -100763941L, 
412952042L, -1829851764L, 1889796815L, -202211707L, -1602216644L, 
976773138L, -1617309939L, 526937159L, -1477517778L, -181491832L, 
-29478261L, -1472740247L, 1818028088L, 224993510L, -1451005823L, 
-373927917L, -476096574L, 94515316L, 1938294391L, -424650899L, 
-1334261756L, -489282774L, 545380501L, 406390575L, -201380298L, 
-1871807904L, -78100317L, 1894673345L, 806954928L, 275485390L, 
995012665L, 1909745227L, -685413382L, -728557828L, -1085785281L, 
1585820693L, -681070804L, 1724236802L, 1579886301L, 1409799639L, 
541810878L, 307286776L, 288209115L, 364619104L, -1059647156L, 
1285247456L, -1536800862L, 1998335912L, -380633972L, -496657476L, 
-1783660430L, -1394453520L, -657526716L, 1943786584L, 129808442L, 
1713377392L, 343059004L, 625277716L, 212799170L, 1325973216L, 
-1604635524L, -706420528L, -2146708574L, 1814798888L, 1748655372L, 
-1113494596L, 1956638002L, -1121553216L, -2115043788L, -959654200L, 
1254280890L, 840018064L, -744264980L, 1745752660L, 257791634L, 
365366048L, 637406156L, -767728416L, 547056322L, -2055118808L, 
-482237524L, -2020638020L, -124269070L, 2113769008L, -1037301852L, 
-2007431752L, 57657178L, 886892688L, 706036604L, -736543980L, 
1928020290L, -810315008L, 1280227260L, 184582992L, 2035100962L, 
1109984840L, -761706484L, 1703213148L, 1995686354L, 1943560704L, 
-146097836L, -217750296L, -341934854L, 353582800L, 2004350252L, 
-1191200524L, -17949294L, -151482016L, -716861428L, 1487791840L, 
-245380510L, 644286120L, 1800500812L, 1272398716L, -1938942670L, 
767669872L, -168252604L, -1857096744L, -1858310278L, 1032325680L, 
473406396L, -1189772716L, -1091132350L, -276946784L, -1780897092L, 
2074668496L, 870348642L, 1803414248L, 1868756172L, 354369020L, 
1660381682L, -1666791808L, -796162572L, -1872252280L, 649023290L, 
1765125968L, -1349256084L, -1342261868L, 166646866L, 1447844320L, 
81292492L, 567580832L, -933054078L, 1716766952L, -1287714068L, 
-427510468L, 48952434L, -1517302672L, -1796639708L, 1417576504L, 
1956852506L, -1977031472L, -534150340L, 584994708L, -1518520446L, 
377691584L, -1681681860L, 117053840L, -172252638L, 1788755208L, 
-1688886644L, 1028630300L, 1477056658L, 405997952L, -694851052L, 
-105106648L, 63209018L, 424116688L, -1435548308L, -1369498700L, 
1235602450L, -1790936608L, 1951890380L, -2146830112L, 402698274L, 
-971854552L, -1706471924L, -1726731460L, 647062514L, -309276944L, 
741855812L, 1621937752L, -35425478L, -1021550096L, -1260749124L, 
-1594897132L, 1052825282L, 836294752L, -1145059460L, 1521953744L, 
1563036962L, 1560106664L, 545663884L, -1257792324L, 1147291442L, 
-744138176L, 1095868596L, 436881992L, -1072099910L, -2140347888L, 
-1951344916L, 1176155476L, -579963630L, -1894442592L, 957544140L, 
445025888L, -1952678974L, 334768936L, -1392608340L, -1399537860L, 
525098354L, 1857736496L, -795216604L, 2143322936L, -198770982L, 
297790352L, 1724062460L, 1459422100L, -1774313406L, -1008402176L, 
-548496324L, -1629153968L, -1534087006L, -2145802936L, -1620784372L, 
-1646794020L, -1663905454L, -245856128L, -829019052L, -2059189272L, 
-292250374L, 518684496L, 464598828L, 1832287604L, 1844346770L, 
651353184L, -1258601076L, 1374860128L, -1426565662L, -378354776L, 
1366673612L, 1402065916L, -744275534L, 485666288L, 1803206596L, 
-1192867496L, -1847919238L, 475277232L, -1531806276L, -1404423084L, 
755357634L, 1674299424L, -1662172996L, 197113424L, 2032678882L, 
-1413932952L, 1865349196L, -104405764L, 70445042L, 1372101888L, 
-1579317900L, 649232392L, 114516922L, 809666000L, 331251692L, 
-1616050796L, 1866891730L, -505783968L, 1438227276L, -261676768L, 
126740955L, 2110017836L, 1254249274L, 1613278703L, 698243193L, 
1982317326L, -207776036L, 85435725L, -1559840585L, 72106560L, 
1197423390L, -481025557L, 830803309L, -474623014L, 932279704L, 
-294913023L, 1258315187L, 682607828L, -480652830L, 2066910327L, 
906088897L, -17282234L, -1410132348L, -533381067L, -1190653921L, 
1103320952L, -1738953130L, -1633295645L, 2076705957L, 401165634L, 
259758896L, -1943519399L, 1010865355L, -1202567876L, -2062937750L, 
-461833313L, -2097244631L, 1287526590L, -592125524L, 339304189L, 
877742663L, 317647152L, -1266953650L, -558687621L, 560753117L, 
-1524072438L, -1487961816L, -708321391L, -923823741L, -2045268348L, 
1290652850L, -709039097L, 1470986321L, 940099542L, 2104805044L, 
-2054727995L, 1222764559L, 224876680L, -402134618L, 1024512339L, 
239608501L, -1967876078L, -677832224L, 731360329L, -1032381829L, 
1615913804L, 46769882L, 294853327L, 1040091801L, -1071839570L, 
886690748L, 430246957L, 2144306135L, 1328638496L, -148575362L, 
921236811L, 316864333L, -1607041670L, -823705672L, 957154657L, 
-1644848877L, 1087754548L, 1378429762L, -1334072489L, 1526549153L, 
-100185242L, 1502405988L, -1761349483L, -1587379777L, 1015641432L, 
-292992138L, -39196285L, 467930053L, 222957794L, -883546800L, 
-1409317767L, 324425643L, -349004516L, 274725450L, 1927552575L, 
1627976329L, 1783764638L, -1051122868L, -1738054883L, -639962457L, 
1856698832L, 1190670702L, -1281827813L, -1597475459L, 2009482090L, 
1112266248L, 1983998641L, 484906275L, 1840940580L, 786205906L, 
487116071L, 389343089L, 1799292342L, 199683412L, -375616539L, 
707368431L, 1513241896L, -851800698L, -1131460173L, 967957L, 
260630386L, -1401404480L, -1042365399L, -2018291557L, -1039024788L, 
-1806621318L, -317962577L, -1153192519L, 1949577166L, -285188324L, 
-201372019L, -329437449L, -209935872L, 1426615390L, 1476251435L, 
-1761518547L, 2025393306L, -2084274088L, -835868735L, 1214785651L, 
